0.11 0.34 
0.15 0.91 
0.18 0.29 
0.29 0.19 
0.29 1.86 
0.35 0.91 
0.37 4.46 
0.37 5.47 
0.4 4.92 
0.41 7.96 
0.44 0.42 
0.46 1.97 
0.5 2.36 
0.58 4.95 
0.6 0.54 
0.62 4.65 
0.64 0.21 
0.7 5.17 
0.71 1.98 
0.75 6.42 
0.76 8.42 
0.8 2.53 
0.86 6.59 
0.87 8.38 
0.89 4.21 
0.93 7.84 
0.96 2.58 
0.99 7.82 
1.02 5.94 
1.06 1.91 
1.09 0.36 
1.12 7.77 
1.17 1.99 
1.17 4.47 
1.19 5.16 
1.21 5.99 
1.26 5.46 
1.28 5.13 
1.29 2.9 
1.3 1.75 
1.33 8.14 
1.34 5.7 
1.34 6.52 
1.36 8.17 
1.45 6.29 
1.46 5.26 
1.54 7.31 
1.59 1.71 
1.66 7.97 
1.67 8.33 
1.68 6.53 
1.74 6.01 
1.76 7.77 
1.87 7.84 
1.91 7.73 
1.94 6.83 
1.98 6.13 
2.14 7.03 
2.26 7.06 
2.28 7.64 
2.29 7.3 
2.39 7.01 
2.6 6.51 
2.65 1.19 
2.86 1.47 
2.86 4.49 
2.89 6.72 
2.9 0.65 
2.9 3.75 
2.93 1.57 
2.93 3.94 
3 1.42 
3.06 1.92 
3.15 7.19 
3.15 7.91 
3.17 4.78 
3.29 4.82 
3.34 6.48 
3.43 6.18 
3.43 7.7 
3.48 7.02 
3.55 6.09 
3.56 1.1 
3.71 3.86 
3.73 4.63 
3.76 7.54 
3.77 8.06 
3.78 4.9 
3.79 4.69 
3.79 7.8 
3.8 6.55 
3.8 6.76 
3.87 3.38 
3.89 6.51 
3.92 3.75 
3.95 5.96 
3.96 6.44 
4.06 4.25 
4.22 1.17 
4.26 6.53 
4.28 6.24 
4.34 6.62 
4.62 7.5 
4.73 5.44 
4.78 7.45 
4.8 5.5 
4.81 6.89 
4.86 6.97 
4.87 5.02 
4.88 0.89 
4.89 4.94 
4.9 1.17 
4.93 7.32 
4.98 5.47 
5.03 7.26 
5.06 6.21 
5.07 2.96 
5.08 6.58 
5.12 3.3 
5.13 7.2 
5.17 3.62 
5.17 5.92 
5.22 2.65 
5.23 0.93 
5.28 1.68 
5.3 1.27 
5.36 4.9 
5.37 3.26 
5.42 6.68 
5.43 0.59 
5.44 0.97 
5.44 1.6 
5.51 7.6 
5.6 0.34 
5.64 5.93 
5.69 4.43 
5.71 1.49 
5.72 0.57 
5.74 2.9 
5.75 0.76 
5.75 6.79 
5.77 5.81 
5.77 6 
5.78 6.43 
5.79 4.46 
5.8 7.5 
5.84 5.41 
5.88 0.22 
5.88 7.44 
5.93 5.69 
5.98 3.5 
5.99 5.26 
6 7.01 
6.06 5.31 
6.07 5.36 
6.07 5.54 
6.12 7.02 
6.13 5.58 
6.16 2.87 
6.17 7.12 
6.19 2.7 
6.22 6.12 
6.3 6.42 
6.31 6.43 
6.34 5.59 
6.36 0.7 
6.38 5.58 
6.41 6.16 
6.56 5.99 
6.79 8.14 
6.84 0.42 
6.86 3.61 
6.88 6.34 
6.92 0.58 
6.92 1.14 
6.94 4.85 
6.98 4.36 
6.99 8.55 
7 8.01 
7.04 4.47 
7.09 6.25 
7.11 9.68 
7.19 9.76 
7.22 0.39 
7.23 4.09 
7.25 0.24 
7.27 3.97 
7.27 9.51 
7.29 0.47 
7.29 5.91 
7.34 6.15 
7.39 0.37 
7.4 0.89 
7.42 8.37 
7.42 8.98 
7.44 3.85 
7.45 1.22 
7.45 9.06 
7.49 8.08 
7.58 9.5 
7.59 8.48 
7.6 8.79 
7.63 6.55 
7.64 1.15 
7.66 4.84 
7.66 8.42 
7.67 1.52 
7.68 3.8 
7.68 7.75 
7.73 8.69 
7.77 6.71 
7.82 6.55 
7.85 1.04 
7.89 9.58 
7.9 3.91 
7.91 0.9 
7.92 8.16 
7.95 0.56 
7.97 0.25 
7.97 6.58 
7.98 7.54 
8.01 6.42 
8.01 6.7 
8.03 7.39 
8.04 8.98 
8.05 4.62 
8.06 4.48 
8.06 7.63 
8.08 8.62 
8.1 3.18 
8.1 9.47 
8.11 4.61 
8.11 8.24 
8.15 6.62 
8.18 3.48 
8.18 9.8 
8.22 0.97 
8.22 3 
8.25 0.45 
8.25 8.14 
8.25 8.37 
8.28 2.33 
8.29 9.04 
8.32 6.49 
8.35 9.04 
8.41 6.72 
8.46 2.89 
8.47 2.77 
8.51 7.41 
8.53 7.06 
8.57 8.46 
8.58 4.06 
8.59 3.37 
8.6 1.76 
8.61 6.93 
8.63 1.76 
8.67 7.54 
8.68 2.93 
8.68 7.48 
8.74 8.85 
8.78 0.98 
8.78 4.16 
8.81 7.2 
8.82 4.75 
8.82 6.51 
8.83 8.28 
8.84 6.6 
8.87 4.74 
8.89 1.32 
8.9 6.93 
8.91 7.02 
8.92 7.88 
8.92 7.89 
8.93 2.35 
8.93 6.6 
8.94 8.28 
8.96 7.23 
8.99 8.43 
9.04 2.25 
9.05 7.4 
9.06 1.61 
9.09 8.98 
9.1 8.81 
9.11 4.06 
9.11 7.74 
9.12 4.89 
9.15 0.67 
9.16 7.18 
9.2 2.04 
9.23 1.87 
9.24 3.58 
9.24 8.15 
9.26 3.55 
9.26 8.5 
9.28 1.56 
9.28 3.64 
9.29 7.2 
9.3 2.08 
9.35 1.06 
9.36 0.72 
9.36 1.3 
9.37 9.12 
9.38 6.69 
9.39 1.14 
9.41 4.14 
9.43 4.13 
9.43 7.42 
9.46 2.06 
9.47 6.73 
9.52 8.9 
9.53 7.55 
9.56 1.41 
9.62 2.02 
9.68 3.65 
9.68 9.01 
9.71 4.29 
9.76 7.44 
9.83 1.23 
9.84 3.79 
9.84 8.07 
9.96 8.41 
