0.09 15.17
0.14 5.79
0.17 80.42
0.2 22.09
0.32 69.21
0.4 0.67
0.5 11.85
0.59 10.29
0.97 49.69
0.98 45.81
0.99 11.74
1.53 60.59
1.72 56.39
1.75 52.56
2.14 94.83
2.59 31.52
3.3 22.0
3.53 98.89
3.58 95.22
4.16 79.83
4.42 40.41
4.48 40.9
4.7 68.0
4.8 29.3
4.87 34.68
4.96 26.15
5.06 85.13
5.19 28.91
5.57 38.05
5.57 89.1
5.71 47.59
5.9 24.41
6.06 6.52
6.07 93.56
6.15 80.57
6.2 61.86
6.23 73.78
6.53 49.2
6.6 6.61
6.68 23.36
6.73 81.4
6.86 31.4
7.05 37.48
7.73 76.09
7.92 82.9
8.0 96.87
8.06 99.82
8.1 11.31
8.27 11.39
8.71 45.98
8.84 79.93
8.88 85.23
9.08 48.19
9.11 67.63
9.16 82.51
9.39 64.67
9.57 81.52
9.58 95.99
9.73 87.31
9.87 31.65
9.89 8.95
10.22 67.89
10.36 21.91
10.48 43.92
10.6 43.03
10.94 42.04
11.24 35.46
11.42 2.73
11.61 33.23
11.75 40.37
11.87 73.4
11.91 67.29
11.94 58.32
11.94 96.74
11.97 63.27
12.02 88.59
12.03 78.91
12.16 45.42
12.17 35.85
12.34 94.54
12.59 92.44
12.84 76.97
12.92 7.58
13.55 50.3
13.7 20.7
13.78 70.54
14.03 49.13
14.12 27.02
14.5 7.21
14.6 48.33
14.67 28.34
14.75 38.15
15.1 84.08
15.16 95.64
15.29 62.62
15.97 10.35
16.03 83.37
16.11 62.62
16.37 40.85
16.55 7.53
16.93 41.8
17.45 8.68
18.38 74.52
18.88 65.42
19.0 15.16
19.28 39.39
19.39 67.04
19.42 48.34
19.75 73.57
19.79 86.25
20.0 56.23
20.09 27.0
20.14 19.0
20.3 64.57
20.37 22.48
20.59 8.25
20.71 25.36
20.88 30.11
20.89 53.4
21.0 53.6
21.09 18.36
21.37 56.24
21.4 78.3
21.72 43.86
22.17 21.18
22.25 63.69
22.29 48.9
22.34 87.41
22.46 87.87
22.79 50.85
22.79 66.64
22.8 79.51
23.59 21.39
23.65 80.93
23.88 97.94
23.91 23.66
24.01 96.14
24.05 86.2
24.47 38.3
24.5 42.77
24.84 41.3
24.85 69.12
25.44 39.32
25.44 45.45
25.5 46.22
25.54 73.79
26.46 37.27
26.92 5.55
27.01 64.28
27.02 83.27
27.07 63.55
27.07 84.37
27.12 29.62
27.15 89.63
27.33 34.87
27.48 25.46
27.51 62.8
28.44 44.41
28.51 33.62
28.52 36.68
28.87 67.49
28.98 16.24
29.14 75.15
29.48 82.31
29.76 2.17
30.34 43.29
30.45 44.72
30.68 19.64
30.7 39.66
30.81 27.48
30.82 57.09
30.83 9.66
30.85 93.8
30.94 66.31
31.11 8.21
31.15 28.06
31.31 77.04
31.44 97.78
31.52 37.14
31.64 72.26
31.81 17.58
31.93 39.5
32.17 88.77
32.27 70.81
32.56 11.97
32.56 85.71
32.81 14.29
32.99 67.59
33.65 49.83
33.71 94.86
33.9 74.49
34.01 24.21
34.52 98.68
34.53 14.88
34.74 87.62
34.77 40.83
34.78 17.97
35.05 24.19
35.07 90.54
35.08 60.49
35.18 86.36
35.51 65.75
35.62 85.96
35.73 21.96
35.77 97.25
35.94 72.64
35.98 3.14
36.12 75.8
36.3 88.1
36.47 6.03
36.6 59.51
36.67 95.75
36.7 21.03
36.81 63.07
36.84 66.66
37.03 54.39
37.12 35.05
37.26 77.54
38.13 29.92
38.39 99.4
38.42 87.48
38.74 61.2
39.19 27.17
39.22 26.88
39.65 77.43
39.72 13.48
39.77 73.41
40.08 22.14
40.25 15.2
40.36 26.61
40.45 33.94
40.45 96.09
40.93 11.21
40.96 29.67
41.09 45.84
41.4 69.63
42.37 69.6
42.42 8.11
42.47 13.85
42.64 1.14
42.79 74.77
42.99 38.63
43.01 83.1
43.01 83.97
43.15 37.43
43.3 71.56
43.42 63.0
43.55 58.94
43.66 73.83
43.71 23.3
43.85 23.34
44.16 81.26
44.25 59.69
44.57 96.73
44.6 47.32
44.65 79.38
44.71 11.1
44.72 3.49
44.77 73.26
44.79 44.49
44.8 67.52
44.95 15.8
45.09 69.86
45.22 56.75
45.37 39.31
45.72 77.46
46.16 2.17
46.18 15.85
46.22 20.19
46.25 11.29
46.31 51.37
46.53 52.48
47.04 77.76
47.06 76.32
47.12 91.39
47.15 65.15
47.18 36.25
47.2 87.87
47.23 57.0
47.39 8.12
47.57 37.69
47.71 46.35
47.78 87.43
48.08 78.9
48.47 41.37
48.65 67.12
48.89 81.53
48.94 60.87
49.09 63.0
49.19 85.04
49.21 44.26
49.3 46.43
49.33 50.86
49.39 0.16
49.44 27.29
49.45 10.92
49.46 4.13
49.78 0.95
49.9 51.89
50.07 25.05
50.18 39.28
50.2 7.7
50.27 89.84
50.78 49.73
50.9 67.42
51.07 26.38
51.41 40.11
51.52 83.59
52.06 85.92
52.1 68.33
52.13 61.41
52.23 62.64
52.25 83.84
52.28 44.58
52.44 60.15
52.65 33.81
52.91 61.64
53.61 19.81
54.0 13.47
54.77 73.18
54.81 30.41
55.03 13.14
55.11 81.6
55.4 89.89
55.41 91.51
55.67 76.69
55.97 8.92
56.02 45.81
56.2 13.14
56.82 65.01
57.14 37.73
57.34 37.66
57.63 92.98
57.66 54.44
58.27 3.87
58.3 44.6
58.39 73.35
58.51 58.61
58.6 37.03
58.64 72.76
58.66 2.68
58.9 98.18
59.08 26.93
59.08 89.8
59.13 70.71
59.55 69.04
59.55 73.54
59.56 42.76
59.58 53.41
59.61 49.66
59.7 10.94
59.71 65.95
60.64 4.25
60.99 96.96
61.0 8.49
61.09 34.41
61.18 36.43
61.42 60.07
61.65 23.8
61.71 22.19
61.85 36.37
62.67 42.37
62.85 9.89
62.85 27.68
62.9 43.2
62.95 55.09
63.05 72.82
63.19 63.0
63.25 87.31
63.26 33.31
63.48 70.48
63.79 23.67
63.88 55.34
64.12 84.5
64.25 11.99
64.26 16.46
64.57 5.03
64.59 48.47
64.68 57.15
64.88 72.64
64.89 50.03
65.09 47.79
65.48 90.38
65.53 50.62
65.99 89.45
66.17 96.14
66.29 26.16
66.3 39.27
66.59 52.3
67.1 18.9
67.16 11.97
67.28 11.63
67.39 68.57
67.41 51.23
67.8 20.19
67.83 1.86
67.92 3.33
68.17 52.09
68.26 31.7
68.31 64.66
68.32 33.63
68.32 53.45
68.48 31.69
68.51 57.12
68.85 39.61
68.91 62.02
68.92 3.7
68.96 96.0
68.97 25.93
69.26 69.76
69.36 56.43
69.46 12.38
69.82 0.34
69.87 63.15
69.97 56.55
70.19 75.74
70.27 29.65
70.27 91.22
70.4 3.77
70.64 32.65
70.66 99.6
70.67 85.65
70.7 2.53
70.82 84.3
71.18 84.36
71.23 94.87
71.45 83.02
71.63 25.25
71.64 68.67
71.96 18.52
72.13 6.59
72.23 17.73
72.5 34.34
72.53 69.2
72.64 97.28
73.03 70.57
73.14 29.53
73.14 73.99
73.22 9.48
73.73 51.25
74.41 13.61
74.48 96.2
74.74 14.95
74.77 48.47
74.84 74.74
75.01 58.1
75.04 84.04
75.05 17.66
75.05 50.11
75.08 38.23
75.5 18.39
75.66 83.38
76.05 72.44
76.23 35.19
76.27 44.44
76.53 85.07
76.75 83.72
76.99 36.57
77.14 65.15
77.86 74.06
78.64 50.13
78.93 8.36
79.1 98.71
79.36 33.75
79.73 17.87
79.74 98.58
80.01 86.77
80.02 91.66
80.13 94.28
80.53 98.96
80.95 63.83
81.0 18.03
81.29 12.42
81.37 15.5
81.44 82.49
81.53 66.87
81.61 63.84
81.81 33.07
81.88 3.13
81.91 96.46
81.95 10.62
82.11 12.72
82.13 34.66
82.17 40.86
82.3 88.4
82.39 21.49
82.64 17.05
82.76 91.01
82.97 9.01
83.08 42.19
83.11 85.51
83.46 66.04
83.47 27.7
83.52 40.92
83.75 55.71
83.81 45.6
83.95 76.24
84.0 83.55
84.07 25.66
84.28 37.62
84.4 93.19
84.57 28.56
84.6 26.78
84.75 5.97
85.59 7.76
85.76 77.93
85.83 20.84
86.04 66.52
86.08 9.6
86.27 62.62
86.48 47.26
87.24 32.33
87.27 83.54
87.8 4.54
87.92 46.02
88.02 38.82
88.11 20.9
88.35 25.0
88.74 72.2
88.83 33.01
88.96 48.59
88.99 56.48
89.18 28.89
89.35 42.62
89.52 90.56
89.61 58.4
89.64 45.78
89.73 29.93
89.93 52.83
90.02 46.63
90.13 10.13
90.38 19.39
90.46 27.96
90.49 27.63
90.53 22.11
90.66 25.86
90.98 27.27
91.02 74.61
91.04 3.77
91.18 50.23
91.27 93.73
91.28 32.79
91.36 29.0
91.5 57.25
91.77 93.34
91.88 16.45
91.94 65.1
92.1 74.99
92.26 41.03
92.52 84.31
92.59 24.58
92.62 32.68
92.73 30.56
92.81 81.65
92.88 30.36
92.99 28.4
93.11 78.42
93.33 40.77
93.36 60.76
93.42 30.26
93.78 63.77
93.93 61.68
94.33 92.1
94.36 76.06
94.51 26.05
94.59 15.36
94.92 19.52
94.97 80.36
95.0 45.54
95.02 54.98
95.08 87.24
95.09 48.38
95.09 77.33
95.15 30.64
95.56 8.31
96.07 91.86
96.34 80.94
96.41 95.9
96.43 13.78
96.44 71.39
96.66 77.59
96.68 46.54
96.94 39.04
96.98 12.12
97.04 17.09
97.18 3.68
97.53 36.28
97.82 76.72
97.85 1.7
98.19 56.01
98.37 46.23
98.56 39.91
98.69 19.12
99.39 11.03
99.48 73.17
99.49 93.37
99.54 32.64
99.59 51.67
99.73 26.23
99.94 32.78
