0.03 9.96
0.18 9.94
0.34 3.26
0.44 4.73
0.71 1.74
0.78 6.99
1.35 3.5
1.38 7.74
1.39 3.84
1.51 3.13
1.55 7.16
1.6 0.96
1.63 9.49
1.73 7.16
1.82 8.04
1.88 3.62
1.89 6.53
2.03 2.66
2.31 3.95
2.36 5.85
2.42 1.01
2.72 8.53
2.81 6.25
3.02 7.6
3.1 8.81
3.28 9.67
3.62 2.15
3.74 3.5
3.84 7.97
3.97 0.12
4.31 8.1
4.32 3.46
4.33 6.96
4.35 1.57
4.54 3.13
4.56 2.87
4.59 7.44
4.67 7.44
4.68 1.07
5.11 2.38
5.34 5.92
5.39 2.67
5.39 7.03
5.44 2.37
5.72 4.98
5.86 5.86
6.01 6.64
6.29 0.56
6.35 2.58
6.44 0.31
6.48 7.62
6.6 3.91
6.6 6.75
6.77 1.61
6.82 8.4
6.92 1.01
7.16 2.53
7.27 7.4
7.53 6.5
7.54 7.65
7.58 0.1
7.67 1.65
7.7 2.28
7.73 8.7
7.8 2.72
7.89 7.67
8.23 5.51
8.31 4.43
8.65 0.86
8.65 4.44
8.78 2.39
8.81 1.38
9.16 2.72
9.17 1.44
9.18 5.78
9.25 4.08
9.41 3.08
9.45 4.19
9.52 5.22
9.8 9.14
