0.01 0.06 
0 0 
0.04 0.11 
0 0 
0.07 0.81 
0.09 0.94 
0.1 0.31 
0 0 
0.14 0.3 
0 0 
0.16 0.84 
0 0 
0 0 
0 0 
0 0 
0 0 
0 0 
0 0 
0 0 
0 0 
0.21 0.35 
0 0 
0 0 
0 0 
0 0 
0.24 0.36 
0.25 0.9 
0.25 0.96 
0.27 0.03 
0 0 
0 0 
0 0 
0 0 
0.36 0.14 
0.37 0.28 
0.42 0.17 
0.42 0.2 
0.44 0.23 
0 0 
0 0 
0.47 0.22 
0 0 
0 0 
0 0 
0 0 
0 0 
0 0 
0 0 
0 0 
0.53 0.62 
0 0 
0.55 0.19 
0 0 
0 0 
0 0 
0.56 0.62 
0.56 0.62 
0.56 0.66 
0.57 0.68 
0.57 0.88 
0.6 0.59 
0.63 0.39 
0.63 0.68 
0 0 
0.66 0.82 
0.68 0.44 
0 0 
0.7 0.85 
0 0 
0.71 0.13 
0 0 
0.71 0.86 
0 0 
0 0 
0 0 
0 0 
0 0 
0 0 
0.8 0.72 
0 0 
0.83 0.07 
0 0 
0.83 0.54 
0 0 
0.84 0.74 
0.85 0.59 
0.86 0.26 
0.86 0.8 
0.89 0.53 
0 0 
0 0 
0 0 
0 0 
0.9 0.11 
0.91 0.07 
0 0 
0 0 
0 0 
0 0 
0 0 
