0.08 9.35 
0.1 4.29 
0.1 6.31 
0.12 5.58 
0.14 4.54 
0.15 9.98 
0.18 1.81 
0.19 1.54 
0.2 1.63 
0.21 2.8 
0.24 4.09 
0.27 1.29 
0.28 3.61 
0.3 1.52 
0.33 9.41 
0.35 1.62 
0.35 6.85 
0.4 2.82 
0.41 3.16 
0.43 8.35 
0.55 3.66 
0.6 3.12 
0.64 2.94 
0.88 1.24 
0.89 3.36 
1 8.78 
1.05 8.87 
1.13 1.05 
1.17 0.48 
1.21 0.47 
1.24 0.63 
1.24 1.29 
1.28 6.81 
1.3 3.21 
1.38 3.04 
1.41 3.79 
1.41 4.21 
1.45 3.94 
1.54 0.88 
1.54 1.18 
1.62 4.14 
1.68 9.16 
1.69 0.46 
1.82 8.48 
1.9 8.47 
1.93 1.6 
1.94 4.52 
1.95 2.94 
2.02 5.27 
2.06 5.73 
2.07 3.92 
2.1 2.19 
2.13 4.2 
2.16 1.79 
2.16 2.07 
2.17 5.25 
2.19 3.51 
2.22 4.91 
2.23 9.66 
2.24 1.28 
2.26 1.43 
2.27 2.44 
2.27 6.04 
2.32 2.41 
2.36 0.27 
2.37 3.61 
2.41 4.75 
2.44 3.78 
2.45 2.45 
2.48 1.77 
2.49 2.71 
2.54 1.98 
2.56 1.94 
2.64 0.04 
2.64 9.9 
2.65 9.8 
2.66 3.58 
2.68 9.13 
2.71 5.86 
2.72 5.67 
2.76 0.48 
2.85 9.82 
2.9 2.8 
2.9 3.29 
2.96 9.95 
3.01 3.2 
3.05 0.27 
3.09 2.25 
3.1 5.71 
3.2 2.72 
3.2 9.94 
3.26 2.67 
3.28 5.14 
3.32 0.17 
3.35 8.55 
3.37 8.94 
3.43 3.16 
3.54 9.9 
3.59 9.33 
3.63 2.31 
3.64 8.28 
3.75 3.07 
3.77 5.59 
3.93 0.56 
4.1 2.65 
4.1 2.76 
4.17 5.07 
4.21 1.67 
4.24 2.88 
4.27 2.17 
4.27 4.55 
4.27 8.07 
4.31 3.12 
4.33 4.47 
4.36 0.62 
4.37 4.86 
4.37 6.55 
4.38 2.4 
4.42 0.9 
4.43 1.38 
4.45 1.31 
4.49 0.13 
4.49 4.97 
4.53 9.91 
4.56 5.02 
4.58 9.1 
4.6 8.52 
4.61 8.02 
4.63 0.28 
4.63 5.92 
4.65 6.36 
4.69 3.87 
4.69 9.58 
4.73 3.02 
4.76 1.81 
4.78 4.57 
4.83 8.76 
4.87 8.75 
4.9 2.33 
4.9 9.17 
4.9 9.49 
4.93 1.72 
4.94 6.1 
4.97 8.06 
4.99 2.13 
5.01 0.19 
5.13 8.39 
5.16 1.96 
5.24 8.44 
5.27 9.74 
5.34 1.82 
5.34 4.17 
5.42 2.32 
5.49 8.79 
5.52 4.16 
5.57 1.81 
5.72 8.36 
5.79 9.27 
5.8 0.04 
5.81 9.76 
5.82 8.02 
5.89 9.46 
5.91 4.42 
6 7.89 
6 9.28 
6.01 2.22 
6.05 4.11 
6.08 1.84 
6.11 8.01 
6.18 8.28 
6.23 1.93 
6.24 4.17 
6.25 4.07 
6.28 4.06 
6.31 8.72 
6.32 9.64 
6.34 7.76 
6.35 4.4 
6.39 8.54 
6.41 8.47 
6.42 1.26 
6.5 2.96 
6.54 2.41 
6.55 1.03 
6.56 0.12 
6.56 5.09 
6.6 6.35 
6.6 8.66 
6.63 8.72 
6.65 1.59 
6.65 6.46 
6.65 6.83 
6.66 9.82 
6.69 6.76 
6.71 3 
6.71 7.51 
6.73 5.6 
6.74 5.26 
6.79 1.68 
6.82 5.12 
6.87 6.16 
6.91 5.59 
6.96 3.05 
7.05 1.92 
7.05 2.41 
7.08 2.77 
7.11 5.45 
7.13 5.5 
7.14 5.64 
7.14 5.81 
7.25 3.17 
7.32 1.65 
7.32 5.5 
7.34 5.69 
7.4 2.81 
7.53 5.76 
7.58 1.65 
7.6 2.34 
7.61 3.06 
7.64 3.29 
7.68 5.08 
7.73 5.36 
7.87 5.19 
8.06 0.07 
8.27 1.78 
8.3 1.65 
8.36 5.98 
8.38 4.86 
8.42 1.15 
8.42 7.74 
8.44 5.78 
8.5 7.75 
8.5 9.17 
8.51 0.18 
8.56 9.58 
8.58 5.24 
8.65 9.55 
8.66 0.69 
8.66 5.64 
8.7 5.59 
8.71 0.32 
8.77 9.74 
8.8 0.65 
8.8 5.72 
8.85 5.39 
9.03 9.5 
9.05 5.31 
9.15 0.35 
9.31 3.12 
9.31 9.59 
9.38 3.25 
9.39 0.27 
9.39 3.18 
9.45 3.05 
9.45 9.76 
9.5 5.38 
9.55 2.25 
9.55 3.32 
9.58 5.55 
9.61 0.45 
9.63 5.99 
9.66 0.46 
9.74 0.2 
9.76 9.62 
9.8 3.23 
9.86 2.7 
9.87 7.63 
9.88 3.67 
9.91 4.86 
9.93 2.69 
9.93 7.13 
9.93 7.98 
9.93 9.02 
9.95 2.53 
9.97 5.79 
9.97 9.94 
9.99 3.65 
10 8.99 
