0.02 4.2
0.04 3.85
0.11 1.64
0.12 2.96
0.24 3.89
0.29 0.1
0.54 4.07
0.63 0.22
0.65 2.84
0.97 3.61
1.19 1.49
1.26 1.05
1.28 0.36
1.56 2.32
1.76 0.25
1.81 4.69
1.82 0.43
1.99 2.56
1.99 4.94
2.0 0.27
2.01 0.16
2.06 3.46
2.34 1.07
2.37 0.69
2.51 1.38
2.69 3.03
2.72 2.39
2.81 1.45
2.9 3.98
2.91 0.75
3.01 1.71
3.02 1.63
3.06 2.04
3.07 0.68
3.07 4.55
3.08 3.27
3.11 3.84
3.22 4.91
3.26 3.1
3.29 0.78
3.37 3.03
3.39 3.32
3.48 1.75
3.58 0.76
3.67 0.74
3.85 0.43
3.86 2.22
3.86 2.93
3.9 4.68
3.92 4.81
4.24 3.34
4.24 3.95
4.39 1.66
4.4 0.24
4.43 4.99
4.66 3.03
4.7 3.1
4.85 4.56
4.95 3.35
4.98 2.58
